# AEMMT - Frente de Pareto (tabela de nao-dominancia)
# Instancia: c109
# Tamanho: 9 solucoes nao-dominadas
# Formato: distancia<TAB>tempo<TAB>combustivel<TAB>num_veiculos

1292,127890	5205,460619	654,750000	11
1299,476777	5156,165943	659,550000	11
1293,236316	5160,737726	654,750000	11
1295,466929	5157,723284	658,275000	11
1297,249103	5159,181855	653,100000	11
1292,130829	5205,462089	651,825000	11
1293,239255	5160,739195	651,825000	11
1299,479717	5156,167413	656,625000	11
1295,469869	5157,724754	655,350000	11
