# AEMMT - Frente de Pareto (tabela de nao-dominancia)
# Instancia: r107
# Tamanho: 9 solucoes nao-dominadas
# Formato: distancia<TAB>tempo<TAB>combustivel<TAB>num_veiculos

1411,663109	1354,088217	708,150000	13
1416,437041	1351,745502	709,350000	13
1384,775224	1354,324268	693,375000	13
1373,295251	1358,855397	688,575000	13
1372,433578	1360,941079	689,100000	13
1383,913551	1356,409950	693,900000	13
1371,884353	1362,322981	691,575000	13
1383,364325	1357,791852	696,375000	13
1412,176180	1352,864591	708,675000	13
