# AEMMT - Frente de Pareto (tabela de nao-dominancia)
# Instancia: rc106
# Tamanho: 9 solucoes nao-dominadas
# Formato: distancia<TAB>tempo<TAB>combustivel<TAB>num_veiculos

1728,815306	1490,681031	871,950000	15
1718,333917	1495,582147	868,800000	15
1717,184560	1496,774730	868,800000	15
1724,121552	1491,418836	871,950000	15
1722,288118	1491,554625	871,950000	15
1720,167350	1495,446359	868,800000	15
1721,138762	1492,747208	871,950000	15
1721,912371	1494,561932	869,475000	15
1723,061728	1493,369350	869,475000	15
