# AEMMT - Frente de Pareto (tabela de nao-dominancia)
# Instancia: rc108
# Tamanho: 9 solucoes nao-dominadas
# Formato: distancia<TAB>tempo<TAB>combustivel<TAB>num_veiculos

1529,300841	1350,820709	770,550000	13
1534,260895	1341,341049	773,925000	13
1533,207875	1348,685288	774,900000	13
1547,379335	1329,499946	777,825000	13
1540,101006	1338,270612	775,875000	13
1540,462446	1330,160719	776,100000	13
1545,706635	1328,196354	780,450000	13
1552,623524	1327,535581	782,175000	13
1539,505084	1339,376684	778,275000	13
