# AEMMT - Frente de Pareto (tabela de nao-dominancia)
# Instancia: rc101
# Tamanho: 9 solucoes nao-dominadas
# Formato: distancia<TAB>tempo<TAB>combustivel<TAB>num_veiculos

2148,213065	1863,742634	1088,250000	19
2159,924845	1860,956462	1096,950000	19
2161,054971	1856,832906	1092,750000	19
2163,035557	1856,355172	1095,075000	19
2174,747336	1853,569000	1103,775000	19
2152,473690	1862,548281	1089,975000	19
2172,766750	1854,046735	1101,450000	19
2217,451701	1852,508765	1127,850000	19
2215,471116	1852,986500	1125,525000	19
