# AEMMT - Frente de Pareto (tabela de nao-dominancia)
# Instancia: rc101
# Tamanho: 9 solucoes nao-dominadas
# Formato: distancia<TAB>tempo<TAB>combustivel<TAB>num_veiculos

2174,983911	1852,155315	1103,925000	19
2217,688276	1851,095080	1128,000000	19
2150,430226	1861,851214	1090,725000	19
2162,142005	1859,065042	1099,425000	19
2163,272131	1854,941487	1095,225000	19
2219,668862	1850,617346	1130,325000	19
2165,252717	1854,463752	1097,550000	19
2154,690850	1860,656861	1092,450000	19
2176,964496	1851,677581	1106,250000	19
