# AEMMT - Frente de Pareto (tabela de nao-dominancia)
# Instancia: r106
# Tamanho: 9 solucoes nao-dominadas
# Formato: distancia<TAB>tempo<TAB>combustivel<TAB>num_veiculos

1522,814386	1433,314036	771,225000	15
1529,203505	1432,875155	774,300000	15
1531,117800	1433,028870	774,300000	15
1540,212148	1432,237616	778,875000	15
1515,723591	1434,937676	771,225000	15
1522,112709	1434,498795	774,300000	15
1537,506919	1432,589989	777,375000	15
1533,823030	1432,676497	775,800000	15
1519,984523	1456,407880	770,025000	15
