# AEMMT - Frente de Pareto (tabela de nao-dominancia)
# Instancia: r102
# Tamanho: 9 solucoes nao-dominadas
# Formato: distancia<TAB>tempo<TAB>combustivel<TAB>num_veiculos

1799,058412	1870,424964	910,200000	20
1812,377029	1858,662169	920,550000	20
1796,839478	1871,392922	910,950000	20
1866,802899	1852,196768	943,125000	20
1843,795385	1852,792502	933,900000	20
1814,595962	1857,694211	919,800000	20
1799,505935	1860,613743	910,650000	20
1842,730817	1854,359479	935,175000	20
1831,334582	1856,856341	927,975000	20
