# AEMMT - Frente de Pareto (tabela de nao-dominancia)
# Instancia: rc104
# Tamanho: 9 solucoes nao-dominadas
# Formato: distancia<TAB>tempo<TAB>combustivel<TAB>num_veiculos

1431,223997	1296,512437	724,800000	12
1431,907323	1296,376846	724,800000	12
1431,931562	1294,445071	721,800000	12
1432,614888	1294,309480	721,800000	12
1434,887438	1293,805433	726,000000	12
1434,204112	1293,941024	726,000000	12
1445,285876	1289,920420	731,625000	12
1444,578311	1291,987785	734,625000	12
1447,558425	1289,416372	735,825000	12
