# AEMMT - Frente de Pareto (tabela de nao-dominancia)
# Instancia: rc102
# Tamanho: 9 solucoes nao-dominadas
# Formato: distancia<TAB>tempo<TAB>combustivel<TAB>num_veiculos

1825,959671	1681,020457	918,300000	16
1826,957200	1679,647981	921,525000	16
1827,756906	1681,919075	918,075000	16
1828,754436	1680,546599	921,300000	16
1828,813790	1680,689611	919,050000	16
1828,936300	1615,761467	926,175000	15
1827,566497	1620,260182	925,500000	15
1823,451459	1625,774040	921,825000	15
1824,448989	1624,401563	925,050000	15
